import numpy as np

B1=[0,0,1,0,0.033,0]
B2=[0,-1,0,-0.5076,0,0]
B3=[0,-1,0,-0.3526,0,0]
B4=[0,-1,0,-0.2176,0,0]
B5=[0,0,1,0,0,0]
B_list=np.array([B1,B2,B3,B4,B5])
B_list=np.transpose(B_list)
l=0.47/2
w=0.3/2
r=0.0475
d3=0.043
F=np.array([[0,0,0,0],[0,0,0,0],[-1/(l+w),1/(l+w),1/(l+w),-1/(l+w)],[1,1,1,1],[-1,1,-1,1],[0,0,0,0]])*r/4

Tsci=np.array([[0.866,-0.5,0,-1],[0.5,0.866,0,0],[0,0,1,0.025],[0,0,0,1]])#new
#Tsci=np.array([[1,0,0,1.5],[0,1,0,1.5],[0,0,1,0.025],[0,0,0,1]])
Tsc_goal=np.array([[0,1,0,-0],[-1,0,0,1],[0,0,1,0.025],[0,0,0,1]])#new
#Tsci=np.array([[1,0,0,1],[0,1,0,0],[0,0,1,0.025],[0,0,0,1]])#test
#Tsc_goal=np.array([[0,1,0,0],[-1,0,0,-1],[0,0,1,0.025],[0,0,0,1]])#test
#Tcef=np.array([[0,0,1,d3/2],[0,1,0,0],[-1,0,0,0],[0,0,0,1]])#test
#Tce_stand=np.array([[0,0,1,d3/2],[0,1,0,0],[-1,0,0,0.150],[0,0,0,1]])#test
#Tcef=np.array([[np.cos(np.pi/4),0,np.cos(np.pi/4),0],[0,1,0,0],[-np.cos(np.pi/4),0,np.cos(np.pi/4),0],[0,0,0,1]])
#Tce_stand=np.array([[np.cos(np.pi/4),0,np.cos(np.pi/4),0],[0,1,0,0],[-np.cos(np.pi/4),0,np.cos(np.pi/4),0.15],[0,0,0,1]])
Tce_stand=np.array([[ 0.09093 ,  0.5     ,  0.86167 ,  1.426302],\
       [-0.0525  ,  0.866   , -0.4975  , -0.8235  ],\
       [-0.995   ,  0.      ,  0.105   ,  0.213   ],\
       [ 0.      ,  0.      ,  0.      ,  1.      ]])
Tcef=np.array([[-7.59482e-01,  5.00000e-01,  4.15680e-01,  1.32931e+00],\
       [ 4.38500e-01,  8.66000e-01, -2.40000e-01, -7.67500e-01],\
       [-4.80000e-01,  0.00000e+00, -8.77000e-01, -1.00000e-03],\
       [ 0.00000e+00,  0.00000e+00,  0.00000e+00,  1.00000e+00]])
'''Tcef_i=np.array([[-7.59482e-01,  5.00000e-01,  4.15680e-01,  1.32931e+00],\
       [ 4.38500e-01,  8.66000e-01, -2.40000e-01, -7.67500e-01],\
       [-4.80000e-01,  0.00000e+00, -8.77000e-01, -1.00000e-03],\
       [ 0.00000e+00,  0.00000e+00,  0.00000e+00,  1.00000e+00]])
Tce_stand_i=np.array([[ 0.09093 ,  0.5     ,  0.86167 ,  1.426302],\
       [-0.0525  ,  0.866   , -0.4975  , -0.8235  ],\
       [-0.995   ,  0.      ,  0.105   ,  0.213   ],\
       [ 0.      ,  0.      ,  0.      ,  1.      ]])

Tcef_f=np.array([[ 0.   , -1.   ,  0.   ,  1.   ],\
       [-0.877,  0.   ,  0.48 ,  0.535],\
       [-0.48 ,  0.   , -0.877, -0.001],\
       [ 0.   ,  0.   ,  0.   ,  1.   ]])'''
Tce_stand_f=np.array([[ 0.   , -1.   ,  0.   ,  1.   ],
       [ 0.105,  0.   ,  0.995,  0.647],
       [-0.995,  0.   ,  0.105,  0.213],
       [ 0.   ,  0.   ,  0.   ,  1.   ]])

Tb0=np.array([[1,0,0,0.1662],[0,1,0,0],[0,0,1,0.0026],[0,0,0,1]])
M0e=np.array([[1,0,0,0.033],[0,1,0,0],[0,0,1,0.6546],[0,0,0,1]])


#print(B_list)
