1.000000000000000000e+00,0.000000000000000000e+00,0.000000000000000000e+00,0.000000000000000000e+00,1.000000000000000000e+00,0.000000000000000000e+00,0.000000000000000000e+00,0.000000000000000000e+00,1.000000000000000000e+00,0.000000000000000000e+00,0.000000000000000000e+00,6.500000000000000222e-01,0.000000000000000000e+00
9.999999995633753747e-01,0.000000000000000000e+00,2.955078996929363708e-05,0.000000000000000000e+00,1.000000000000000000e+00,0.000000000000000000e+00,-2.955078996929363708e-05,0.000000000000000000e+00,9.999999995633753747e-01,1.989522140135271779e-05,0.000000000000000000e+00,6.500102907686492459e-01,0.000000000000000000e+00
9.999999930373709711e-01,0.000000000000000000e+00,1.180053300641936746e-04,0.000000000000000000e+00,1.000000000000000000e+00,0.000000000000000000e+00,-1.180053300641936746e-04,0.000000000000000000e+00,9.999999930373709711e-01,7.944951320127771632e-05,0.000000000000000000e+00,6.500410906686049373e-01,0.000000000000000000e+00
9.999999648697756038e-01,0.000000000000000000e+00,2.650668736550089596e-04,0.000000000000000000e+00,1.000000000000000000e+00,0.000000000000000000e+00,-2.650668736550089596e-04,0.000000000000000000e+00,9.999999648697756038e-01,1.784685067888807850e-04,0.000000000000000000e+00,6.500922858873268151e-01,0.000000000000000000e+00
9.999998893437239689e-01,0.000000000000000000e+00,4.704386675494780408e-04,0.000000000000000000e+00,1.000000000000000000e+00,0.000000000000000000e+00,-4.704386675494780408e-04,0.000000000000000000e+00,9.999998893437239689e-01,3.167613689758139173e-04,0.000000000000000000e+00,6.501637557666363199e-01,0.000000000000000000e+00
9.999997307511729883e-01,0.000000000000000000e+00,7.338239445717288688e-04,0.000000000000000000e+00,1.000000000000000000e+00,0.000000000000000000e+00,-7.338239445717288688e-04,0.000000000000000000e+00,9.999997307511729883e-01,4.941407365869233004e-04,0.000000000000000000e+00,6.502553729169243679e-01,0.000000000000000000e+00
9.999994435655038538e-01,0.000000000000000000e+00,1.054925913349749307e-03,0.000000000000000000e+00,1.000000000000000000e+00,0.000000000000000000e+00,-1.054925913349749307e-03,0.000000000000000000e+00,9.999994435655038538e-01,7.104226494760018922e-04,0.000000000000000000e+00,6.503670033297995756e-01,0.000000000000000000e+00
9.999989726132527679e-01,0.000000000000000000e+00,1.433447745415509286e-03,0.000000000000000000e+00,1.000000000000000000e+00,0.000000000000000000e+00,-1.433447745415509286e-03,0.000000000000000000e+00,9.999989726132527679e-01,9.654264820357154027e-04,0.000000000000000000e+00,6.504985064892133684e-01,0.000000000000000000e+00
9.999982532449760431e-01,0.000000000000000000e+00,1.869092559720453945e-03,0.000000000000000000e+00,1.000000000000000000e+00,0.000000000000000000e+00,-1.869092559720453945e-03,0.000000000000000000e+00,9.999982532449760431e-01,1.258974873268888786e-03,0.000000000000000000e+00,6.506497354811028311e-01,0.000000000000000000e+00
9.999972115052550015e-01,0.000000000000000000e+00,2.361563404667667981e-03,0.000000000000000000e+00,1.000000000000000000e+00,0.000000000000000000e+00,-2.361563404667667981e-03,0.000000000000000000e+00,9.999972115052550015e-01,1.590893655487453503e-03,0.000000000000000000e+00,6.508205371015884921e-01,0.000000000000000000e+00
9.999957643018488884e-01,0.000000000000000000e+00,2.910563237760615141e-03,0.000000000000000000e+00,1.000000000000000000e+00,0.000000000000000000e+00,-2.910563237760615141e-03,0.000000000000000000e+00,9.999957643018488884e-01,1.961011781703459259e-03,0.000000000000000000e+00,6.510107519637698958e-01,0.000000000000000000e+00
9.999938195740013525e-01,0.000000000000000000e+00,3.515794902966941273e-03,0.000000000000000000e+00,1.000000000000000000e+00,0.000000000000000000e+00,-3.515794902966941273e-03,0.000000000000000000e+00,9.999938195740013525e-01,2.369161251776522644e-03,0.000000000000000000e+00,6.512202146031547123e-01,0.000000000000000000e+00
9.999912764599098169e-01,0.000000000000000000e+00,4.176961105894473614e-03,0.000000000000000000e+00,1.000000000000000000e+00,0.000000000000000000e+00,-4.176961105894473614e-03,0.000000000000000000e+00,9.999912764599098169e-01,2.815177037379860796e-03,0.000000000000000000e+00,6.514487535817620190e-01,0.000000000000000000e+00
9.999880254633680687e-01,0.000000000000000000e+00,4.893764386875150939e-03,0.000000000000000000e+00,1.000000000000000000e+00,0.000000000000000000e+00,-4.893764386875150939e-03,0.000000000000000000e+00,9.999880254633680687e-01,3.298897005845765566e-03,0.000000000000000000e+00,6.516961915909418313e-01,0.000000000000000000e+00
9.999839486195887250e-01,0.000000000000000000e+00,5.665907092051277599e-03,0.000000000000000000e+00,1.000000000000000000e+00,0.000000000000000000e+00,-5.665907092051277599e-03,0.000000000000000000e+00,9.999839486195887250e-01,3.820161842951750372e-03,0.000000000000000000e+00,6.519623455529449663e-01,0.000000000000000000e+00
9.999789196602182351e-01,0.000000000000000000e+00,6.493091342557119269e-03,0.000000000000000000e+00,1.000000000000000000e+00,0.000000000000000000e+00,-6.493091342557119269e-03,0.000000000000000000e+00,9.999789196602182351e-01,4.378814974705580974e-03,0.000000000000000000e+00,6.522470267212874262e-01,0.000000000000000000e+00
9.999728041775545195e-01,0.000000000000000000e+00,7.375019001887556103e-03,0.000000000000000000e+00,1.000000000000000000e+00,0.000000000000000000e+00,-7.375019001887556103e-03,0.000000000000000000e+00,9.999728041775545195e-01,4.974702488187436773e-03,0.000000000000000000e+00,6.525500407799459390e-01,0.000000000000000000e+00
9.999654597879773510e-01,0.000000000000000000e+00,8.311391641544140299e-03,0.000000000000000000e+00,1.000000000000000000e+00,0.000000000000000000e+00,-8.311391641544140299e-03,0.000000000000000000e+00,9.999654597879773510e-01,5.607673051506481890e-03,0.000000000000000000e+00,6.528711879414235142e-01,0.000000000000000000e+00
9.999567362946039095e-01,0.000000000000000000e+00,9.301910505047642636e-03,0.000000000000000000e+00,1.000000000000000000e+00,0.000000000000000000e+00,-9.301910505047642636e-03,0.000000000000000000e+00,9.999567362946039095e-01,6.277577832927514617e-03,0.000000000000000000e+00,6.532102630437249813e-01,0.000000000000000000e+00
9.999464758491816152e-01,0.000000000000000000e+00,1.034627647040477737e-02,0.000000000000000000e+00,1.000000000000000000e+00,0.000000000000000000e+00,-1.034627647040477737e-02,0.000000000000000000e+00,9.999464758491816152e-01,6.984270419222520301e-03,0.000000000000000000e+00,6.535670556462800374e-01,0.000000000000000000e+00
9.999345131132285625e-01,0.000000000000000000e+00,1.144419001111565692e-02,0.000000000000000000e+00,1.000000000000000000e+00,0.000000000000000000e+00,-1.144419001111565692e-02,0.000000000000000000e+00,9.999345131132285625e-01,7.727606733301771447e-03,0.000000000000000000e+00,6.539413501248522165e-01,0.000000000000000000e+00
9.999206754184363222e-01,0.000000000000000000e+00,1.259535115580705071e-02,0.000000000000000000e+00,1.000000000000000000e+00,0.000000000000000000e+00,-1.259535115580705071e-02,0.000000000000000000e+00,9.999206754184363222e-01,8.507444951176649020e-03,0.000000000000000000e+00,6.543329257654720843e-01,0.000000000000000000e+00
9.999047829263455478e-01,0.000000000000000000e+00,1.379945944657545720e-02,0.000000000000000000e+00,1.000000000000000000e+00,0.000000000000000000e+00,-1.379945944657545720e-02,0.000000000000000000e+00,9.999047829263455478e-01,9.323645418307092286e-03,0.000000000000000000e+00,6.547415568574320721e-01,0.000000000000000000e+00
9.998866487873083742e-01,0.000000000000000000e+00,1.505621389612256562e-02,0.000000000000000000e+00,1.000000000000000000e+00,0.000000000000000000e+00,-1.505621389612256562e-02,0.000000000000000000e+00,9.998866487873083742e-01,1.017607056538437707e-02,0.000000000000000000e+00,6.551670127853800318e-01,0.000000000000000000e+00
9.998660792987492663e-01,0.000000000000000000e+00,1.636531294376457682e-02,0.000000000000000000e+00,1.000000000000000000e+00,0.000000000000000000e+00,-1.636531294376457682e-02,0.000000000000000000e+00,9.998660792987492663e-01,1.106458482360007066e-02,0.000000000000000000e+00,6.556090581205489265e-01,0.000000000000000000e+00
9.998428740627379741e-01,0.000000000000000000e+00,1.772645441039550837e-02,0.000000000000000000e+00,1.000000000000000000e+00,0.000000000000000000e+00,-1.772645441039550837e-02,0.000000000000000000e+00,9.998428740627379741e-01,1.198905453945028031e-02,0.000000000000000000e+00,6.560674527111586274e-01,0.000000000000000000e+00
9.998168261428876935e-01,0.000000000000000000e+00,1.913933545248351631e-02,0.000000000000000000e+00,1.000000000000000000e+00,0.000000000000000000e+00,-1.913933545248351631e-02,0.000000000000000000e+00,9.998168261428876935e-01,1.294934788912389077e-02,0.000000000000000000e+00,6.565419517720265663e-01,0.000000000000000000e+00
9.997877222205890924e-01,0.000000000000000000e+00,2.060365251517784491e-02,0.000000000000000000e+00,1.000000000000000000e+00,0.000000000000000000e+00,-2.060365251517784491e-02,0.000000000000000000e+00,9.997877222205890924e-01,1.394533479252333362e-02,0.000000000000000000e+00,6.570323059734223259e-01,0.000000000000000000e+00
9.997553427505958545e-01,0.000000000000000000e+00,2.211910128460313138e-02,0.000000000000000000e+00,1.000000000000000000e+00,0.000000000000000000e+00,-2.211910128460313138e-02,0.000000000000000000e+00,9.997553427505958545e-01,1.497688682696405281e-02,0.000000000000000000e+00,6.575382615292016952e-01,0.000000000000000000e+00
9.997194621159722905e-01,0.000000000000000000e+00,2.368537663941622240e-02,0.000000000000000000e+00,1.000000000000000000e+00,0.000000000000000000e+00,-2.368537663941622240e-02,0.000000000000000000e+00,9.997194621159722905e-01,1.604387714059962375e-02,0.000000000000000000e+00,6.580595602842550518e-01,0.000000000000000000e+00
9.996798487824157808e-01,0.000000000000000000e+00,2.530217260169987867e-02,0.000000000000000000e+00,1.000000000000000000e+00,0.000000000000000000e+00,-2.530217260169987867e-02,0.000000000000000000e+00,9.996798487824157808e-01,1.714618036561815079e-02,0.000000000000000000e+00,6.585959398013033761e-01,0.000000000000000000e+00
9.996362654519673763e-01,0.000000000000000000e+00,2.696918228726616004e-02,0.000000000000000000e+00,1.000000000000000000e+00,0.000000000000000000e+00,-2.696918228726616004e-02,0.000000000000000000e+00,9.996362654519673763e-01,1.828367253125430525e-02,0.000000000000000000e+00,6.591471334470775378e-01,0.000000000000000000e+00
9.995884692161209895e-01,0.000000000000000000e+00,2.868609785544153426e-02,0.000000000000000000e+00,1.000000000000000000e+00,0.000000000000000000e+00,-2.868609785544153426e-02,0.000000000000000000e+00,9.995884692161209895e-01,1.945623097666188128e-02,0.000000000000000000e+00,6.597128704779109398e-01,0.000000000000000000e+00
9.995362117083446130e-01,0.000000000000000000e+00,3.045261045840426395e-02,0.000000000000000000e+00,1.000000000000000000e+00,0.000000000000000000e+00,-3.045261045840426395e-02,0.000000000000000000e+00,9.995362117083446130e-01,2.066373426368965996e-02,0.000000000000000000e+00,6.602928761247822687e-01,0.000000000000000000e+00
9.994792392560241101e-01,0.000000000000000000e+00,3.226841019014375228e-02,0.000000000000000000e+00,1.000000000000000000e+00,0.000000000000000000e+00,-3.226841019014375228e-02,0.000000000000000000e+00,9.994792392560241101e-01,2.190606208960388379e-02,0.000000000000000000e+00,6.608868716778357744e-01,0.000000000000000000e+00
9.994172930318409032e-01,0.000000000000000000e+00,3.413318603511010518e-02,0.000000000000000000e+00,1.000000000000000000e+00,0.000000000000000000e+00,-3.413318603511010518e-02,0.000000000000000000e+00,9.994172930318409032e-01,2.318309519979928554e-02,0.000000000000000000e+00,6.614945745704140512e-01,0.000000000000000000e+00
9.993501092045952161e-01,0.000000000000000000e+00,3.604662581662140125e-02,0.000000000000000000e+00,1.000000000000000000e+00,0.000000000000000000e+00,-3.604662581662140125e-02,0.000000000000000000e+00,9.993501092045952161e-01,2.449471530054007570e-02,0.000000000000000000e+00,6.621156984626321851e-01,0.000000000000000000e+00
9.992774190894845310e-01,0.000000000000000000e+00,3.800841614509472416e-02,0.000000000000000000e+00,1.000000000000000000e+00,0.000000000000000000e+00,-3.800841614509472416e-02,0.000000000000000000e+00,9.992774190894845310e-01,2.584080497177204325e-02,0.000000000000000000e+00,6.627499533245246877e-01,0.000000000000000000e+00
9.991989492978476939e-01,0.000000000000000000e+00,4.001824236616610686e-02,0.000000000000000000e+00,1.000000000000000000e+00,0.000000000000000000e+00,-4.001824236616610686e-02,0.000000000000000000e+00,9.991989492978476939e-01,2.722124758004587641e-02,0.000000000000000000e+00,6.633970455187933046e-01,0.000000000000000000e+00
9.991144218863852178e-01,0.000000000000000000e+00,4.207578850876332599e-02,0.000000000000000000e+00,1.000000000000000000e+00,0.000000000000000000e+00,-4.207578850876332599e-02,0.000000000000000000e+00,9.991144218863852178e-01,2.863592719159126221e-02,0.000000000000000000e+00,6.640566778831856753e-01,0.000000000000000000e+00
9.990235545058642197e-01,0.000000000000000000e+00,4.418073723319446838e-02,0.000000000000000000e+00,1.000000000000000000e+00,0.000000000000000000e+00,-4.418073723319446838e-02,0.000000000000000000e+00,9.990235545058642197e-01,3.008472848558096241e-02,0.000000000000000000e+00,6.647285498125330427e-01,0.000000000000000000e+00
9.989260605493166523e-01,0.000000000000000000e+00,4.633276977931406748e-02,0.000000000000000000e+00,1.000000000000000000e+00,0.000000000000000000e+00,-4.633276977931406748e-02,0.000000000000000000e+00,9.989260605493166523e-01,3.156753666762367877e-02,0.000000000000000000e+00,6.654123573404735481e-01,0.000000000000000000e+00
9.988216492997409324e-01,0.000000000000000000e+00,4.853156591482758742e-02,0.000000000000000000e+00,1.000000000000000000e+00,0.000000000000000000e+00,-4.853156591482758742e-02,0.000000000000000000e+00,9.988216492997409324e-01,3.308423738352288951e-02,0.000000000000000000e+00,6.661077932208893104e-01,0.000000000000000000e+00
9.987100260773127403e-01,0.000000000000000000e+00,5.077680388379379739e-02,0.000000000000000000e+00,1.000000000000000000e+00,0.000000000000000000e+00,-5.077680388379379739e-02,0.000000000000000000e+00,9.987100260773127403e-01,3.463471663334002221e-02,0.000000000000000000e+00,6.668145470090820481e-01,0.000000000000000000e+00
9.985908923861138708e-01,0.000000000000000000e+00,5.306816035538373943e-02,0.000000000000000000e+00,1.000000000000000000e+00,0.000000000000000000e+00,-5.306816035538373943e-02,0.000000000000000000e+00,9.985908923861138708e-01,3.621886068579795170e-02,0.000000000000000000e+00,6.675323051427135557e-01,0.000000000000000000e+00
9.984639460603855765e-01,0.000000000000000000e+00,5.540531037295381295e-02,0.000000000000000000e+00,1.000000000000000000e+00,0.000000000000000000e+00,-5.540531037295381295e-02,0.000000000000000000e+00,9.984639460603855765e-01,3.783655599306188361e-02,0.000000000000000000e+00,6.682607510225357927e-01,0.000000000000000000e+00
9.983288814103129516e-01,0.000000000000000000e+00,5.778792730348945861e-02,0.000000000000000000e+00,1.000000000000000000e+00,0.000000000000000000e+00,-5.778792730348945861e-02,0.000000000000000000e+00,9.983288814103129516e-01,3.948768910593279668e-02,0.000000000000000000e+00,6.689995650929334570e-01,0.000000000000000000e+00
9.981853893673450218e-01,0.000000000000000000e+00,6.021568278747470998e-02,0.000000000000000000e+00,1.000000000000000000e+00,0.000000000000000000e+00,-6.021568278747470998e-02,0.000000000000000000e+00,9.981853893673450218e-01,4.117214658948944311e-02,0.000000000000000000e+00,6.697484249223031316e-01,0.000000000000000000e+00
9.980331576290583095e-01,0.000000000000000000e+00,6.268824668924234678e-02,0.000000000000000000e+00,1.000000000000000000e+00,0.000000000000000000e+00,-6.268824668924234678e-02,0.000000000000000000e+00,9.980331576290583095e-01,4.288981493921286553e-02,0.000000000000000000e+00,6.705070052832922123e-01,0.000000000000000000e+00
9.978718708035648755e-01,0.000000000000000000e+00,6.520528704785764906e-02,0.000000000000000000e+00,1.000000000000000000e+00,0.000000000000000000e+00,-6.520528704785764906e-02,0.000000000000000000e+00,9.978718708035648755e-01,4.464058049762870128e-02,0.000000000000000000e+00,6.712749782329164860e-01,0.000000000000000000e+00
9.977012105534724951e-01,0.000000000000000000e+00,6.776647002858832147e-02,0.000000000000000000e+00,1.000000000000000000e+00,0.000000000000000000e+00,-6.776647002858832147e-02,0.000000000000000000e+00,9.977012105534724951e-01,4.642432937150030303e-02,0.000000000000000000e+00,6.720520131925812324e-01,0.000000000000000000e+00
9.975208557393974163e-01,0.000000000000000000e+00,7.037145987501168543e-02,0.000000000000000000e+00,1.000000000000000000e+00,0.000000000000000000e+00,-7.037145987501168543e-02,0.000000000000000000e+00,9.975208557393974163e-01,4.824094734960646808e-02,0.000000000000000000e+00,6.728377770280221659e-01,0.000000000000000000e+00
9.973304825630342485e-01,0.000000000000000000e+00,7.301991886180947411e-02,0.000000000000000000e+00,1.000000000000000000e+00,0.000000000000000000e+00,-7.301991886180947411e-02,0.000000000000000000e+00,9.973304825630342485e-01,5.009031982113656273e-02,0.000000000000000000e+00,6.736319341291879814e-01,0.000000000000000000e+00
9.971297647097847605e-01,0.000000000000000000e+00,7.571150724829957268e-02,0.000000000000000000e+00,1.000000000000000000e+00,0.000000000000000000e+00,-7.571150724829957268e-02,0.000000000000000000e+00,9.971297647097847605e-01,5.197233169473514797e-02,0.000000000000000000e+00,6.744341464900829308e-01,0.000000000000000000e+00
9.969183734909460304e-01,0.000000000000000000e+00,7.844588323275264452e-02,0.000000000000000000e+00,1.000000000000000000e+00,0.000000000000000000e+00,-7.844588323275264452e-02,0.000000000000000000e+00,9.969183734909460304e-01,5.388686731822876774e-02,0.000000000000000000e+00,6.752440737885855304e-01,0.000000000000000000e+00
9.966959779854603907e-01,0.000000000000000000e+00,8.122270290754098065e-02,0.000000000000000000e+00,1.000000000000000000e+00,0.000000000000000000e+00,-8.122270290754098065e-02,0.000000000000000000e+00,9.966959779854603907e-01,5.583381039906539639e-02,0.000000000000000000e+00,6.760613734662623830e-01,0.000000000000000000e+00
9.964622451812260584e-01,0.000000000000000000e+00,8.404162021516603520e-02,0.000000000000000000e+00,1.000000000000000000e+00,0.000000000000000000e+00,-8.404162021516603520e-02,0.000000000000000000e+00,9.964622451812260584e-01,5.781304392549856813e-02,0.000000000000000000e+00,6.768857008081919924e-01,0.000000000000000000e+00
9.962168401159683384e-01,0.000000000000000000e+00,8.690228690520898636e-02,0.000000000000000000e+00,1.000000000000000000e+00,0.000000000000000000e+00,-8.690228690520898636e-02,0.000000000000000000e+00,9.962168401159683384e-01,5.982445008854597734e-02,0.000000000000000000e+00,6.777167090228147783e-01,0.000000000000000000e+00
9.959594260176705127e-01,0.000000000000000000e+00,8.980435249224948124e-02,0.000000000000000000e+00,1.000000000000000000e+00,0.000000000000000000e+00,-8.980435249224948124e-02,0.000000000000000000e+00,9.959594260176705127e-01,6.186791020475321951e-02,0.000000000000000000e+00,6.785540493218226166e-01,0.000000000000000000e+00
9.956896644445624167e-01,0.000000000000000000e+00,9.274746421479482250e-02,0.000000000000000000e+00,1.000000000000000000e+00,0.000000000000000000e+00,-9.274746421479482250e-02,0.000000000000000000e+00,9.956896644445624167e-01,6.394330463979176760e-02,0.000000000000000000e+00,6.793973710001040001e-01,0.000000000000000000e+00
9.954072154246631499e-01,0.000000000000000000e+00,9.573126699526231242e-02,0.000000000000000000e+00,1.000000000000000000e+00,0.000000000000000000e+00,-9.573126699526231242e-02,0.000000000000000000e+00,9.954072154246631499e-01,6.605051273292140979e-02,0.000000000000000000e+00,6.802463215157545928e-01,0.000000000000000000e+00
9.951117375948766997e-01,0.000000000000000000e+00,9.875540340105549986e-02,0.000000000000000000e+00,1.000000000000000000e+00,0.000000000000000000e+00,-9.875540340105549986e-02,0.000000000000000000e+00,9.951117375948766997e-01,6.818941272234481377e-02,0.000000000000000000e+00,6.811005465701682748e-01,0.000000000000000000e+00
9.948028883396348165e-01,0.000000000000000000e+00,1.018195136067744921e-01,0.000000000000000000e+00,1.000000000000000000e+00,0.000000000000000000e+00,-1.018195136067744921e-01,0.000000000000000000e+00,9.948028883396348165e-01,7.035988167148311823e-02,0.000000000000000000e+00,6.819596901882183371e-01,0.000000000000000000e+00
9.944803239290829211e-01,0.000000000000000000e+00,1.049232353575995369e-01,0.000000000000000000e+00,1.000000000000000000e+00,0.000000000000000000e+00,-1.049232353575995369e-01,0.000000000000000000e+00,9.944803239290829211e-01,7.256179539620077890e-02,0.000000000000000000e+00,6.828233947985391517e-01,0.000000000000000000e+00
9.941436996568050466e-01,0.000000000000000000e+00,1.080662039338859681e-01,0.000000000000000000e+00,1.000000000000000000e+00,0.000000000000000000e+00,-1.080662039338859681e-01,0.000000000000000000e+00,9.941436996568050466e-01,7.479502839300637695e-02,0.000000000000000000e+00,6.836913013139197526e-01,0.000000000000000000e+00
9.937926699770791572e-01,0.000000000000000000e+00,1.112480521170070846e-01,0.000000000000000000e+00,1.000000000000000000e+00,0.000000000000000000e+00,-1.112480521170070846e-01,0.000000000000000000e+00,9.937926699770791572e-01,7.705945376825720783e-02,0.000000000000000000e+00,6.845630492118163213e-01,0.000000000000000000e+00
9.934268886416591782e-01,0.000000000000000000e+00,1.144684101564819589e-01,0.000000000000000000e+00,1.000000000000000000e+00,0.000000000000000000e+00,-1.144684101564819589e-01,0.000000000000000000e+00,9.934268886416591782e-01,7.935494316839368512e-02,0.000000000000000000e+00,6.854382766149919037e-01,0.000000000000000000e+00
9.930460088360743010e-01,0.000000000000000000e+00,1.177269057384222051e-01,0.000000000000000000e+00,1.000000000000000000e+00,0.000000000000000000e+00,-1.177269057384222051e-01,0.000000000000000000e+00,9.930460088360743010e-01,8.168136671122988579e-02,0.000000000000000000e+00,6.863166203722925740e-01,0.000000000000000000e+00
9.926496833154386801e-01,0.000000000000000000e+00,1.210231639553323163e-01,0.000000000000000000e+00,1.000000000000000000e+00,0.000000000000000000e+00,-1.210231639553323163e-01,0.000000000000000000e+00,9.926496833154386801e-01,8.403859291832598000e-02,0.000000000000000000e+00,6.871977161395635969e-01,0.000000000000000000e+00
9.922375645397614186e-01,0.000000000000000000e+00,1.243568072772966437e-01,0.000000000000000000e+00,1.000000000000000000e+00,0.000000000000000000e+00,-1.243568072772966437e-01,0.000000000000000000e+00,9.922375645397614186e-01,8.642648864846806667e-02,0.000000000000000000e+00,6.880811984607129173e-01,0.000000000000000000e+00
9.918093048087496255e-01,0.000000000000000000e+00,1.277274555245845045e-01,0.000000000000000000e+00,1.000000000000000000e+00,0.000000000000000000e+00,-1.277274555245845045e-01,0.000000000000000000e+00,9.918093048087496255e-01,8.884491903227947907e-02,0.000000000000000000e+00,6.889667008489273048e-01,0.000000000000000000e+00
9.913645563960923335e-01,0.000000000000000000e+00,1.311347258417051298e-01,0.000000000000000000e+00,1.000000000000000000e+00,0.000000000000000000e+00,-1.311347258417051298e-01,0.000000000000000000e+00,9.913645563960923335e-01,9.129374740798883170e-02,0.000000000000000000e+00,6.898538558680429311e-01,0.000000000000000000e+00
9.909029716832156165e-01,0.000000000000000000e+00,1.345782326729416944e-01,0.000000000000000000e+00,1.000000000000000000e+00,0.000000000000000000e+00,-1.345782326729416944e-01,0.000000000000000000e+00,9.909029716832156165e-01,9.377283525837816491e-02,0.000000000000000000e+00,6.907422952140768180e-01,0.000000000000000000e+00
9.904242032924980288e-01,0.000000000000000000e+00,1.380575877393940276e-01,0.000000000000000000e+00,1.000000000000000000e+00,0.000000000000000000e+00,-1.380575877393940276e-01,0.000000000000000000e+00,9.904242032924980288e-01,9.628204214893459900e-02,0.000000000000000000e+00,6.916316497969182686e-01,0.000000000000000000e+00
9.899279042199329304e-01,0.000000000000000000e+00,1.415724000175574426e-01,0.000000000000000000e+00,1.000000000000000000e+00,0.000000000000000000e+00,-1.415724000175574426e-01,0.000000000000000000e+00,9.899279042199329304e-01,9.882122566722893742e-02,0.000000000000000000e+00,6.925215498221842791e-01,0.000000000000000000e+00
9.894137279672258201e-01,0.000000000000000000e+00,1.451222757194648716e-01,0.000000000000000000e+00,1.000000000000000000e+00,0.000000000000000000e+00,-1.451222757194648716e-01,0.000000000000000000e+00,9.894137279672258201e-01,1.013902413635433403e-01,0.000000000000000000e+00,6.934116248732384857e-01,0.000000000000000000e+00
9.888813286733141306e-01,0.000000000000000000e+00,1.487068182744183398e-01,0.000000000000000000e+00,1.000000000000000000e+00,0.000000000000000000e+00,-1.487068182744183398e-01,0.000000000000000000e+00,9.888813286733141306e-01,1.039889426927705085e-01,0.000000000000000000e+00,6.943015039933749799e-01,0.000000000000000000e+00
9.883303612452936093e-01,0.000000000000000000e+00,1.523256283123343990e-01,0.000000000000000000e+00,1.000000000000000000e+00,0.000000000000000000e+00,-1.523256283123343990e-01,0.000000000000000000e+00,9.883303612452936093e-01,1.066171809576056534e-01,0.000000000000000000e+00,6.951908157681643274e-01,0.000000000000000000e+00
9.877604814887389617e-01,0.000000000000000000e+00,1.559783036487272512e-01,0.000000000000000000e+00,1.000000000000000000e+00,0.000000000000000000e+00,-1.559783036487272512e-01,0.000000000000000000e+00,9.877604814887389617e-01,1.092748052530523040e-01,0.000000000000000000e+00,6.960791884079627900e-01,0.000000000000000000e+00
9.871713462374018810e-01,0.000000000000000000e+00,1.596644392713529315e-01,0.000000000000000000e+00,1.000000000000000000e+00,0.000000000000000000e+00,-1.596644392713529315e-01,0.000000000000000000e+00,9.871713462374018810e-01,1.119616624122631993e-01,0.000000000000000000e+00,6.969662498305795317e-01,0.000000000000000000e+00
9.865626134822715887e-01,0.000000000000000000e+00,1.633836273285361185e-01,0.000000000000000000e+00,1.000000000000000000e+00,0.000000000000000000e+00,-1.633836273285361185e-01,0.000000000000000000e+00,9.865626134822715887e-01,1.146775969537358886e-01,0.000000000000000000e+00,6.978516277441020321e-01,0.000000000000000000e+00
9.859339424999811197e-01,0.000000000000000000e+00,1.671354571191996929e-01,0.000000000000000000e+00,1.000000000000000000e+00,0.000000000000000000e+00,-1.671354571191996929e-01,0.000000000000000000e+00,9.859339424999811197e-01,1.174224510298827878e-01,0.000000000000000000e+00,6.987349497298736001e-01,0.000000000000000000e+00
9.852849939805431445e-01,0.000000000000000000e+00,1.709195150846181677e-01,0.000000000000000000e+00,1.000000000000000000e+00,0.000000000000000000e+00,-1.709195150846181677e-01,0.000000000000000000e+00,9.852849939805431445e-01,1.201960643769950376e-01,0.000000000000000000e+00,6.996158433256189912e-01,0.000000000000000000e+00
9.846154301543966758e-01,0.000000000000000000e+00,1.747353848019124190e-01,0.000000000000000000e+00,1.000000000000000000e+00,0.000000000000000000e+00,-1.747353848019124190e-01,0.000000000000000000e+00,9.846154301543966758e-01,1.229982742666189122e-01,0.000000000000000000e+00,7.004939361087135774e-01,0.000000000000000000e+00
9.839249149187478949e-01,0.000000000000000000e+00,1.785826469793040938e-01,0.000000000000000000e+00,1.000000000000000000e+00,0.000000000000000000e+00,-1.785826469793040938e-01,0.000000000000000000e+00,9.839249149187478949e-01,1.258289154583625280e-01,0.000000000000000000e+00,7.013688557795896283e-01,0.000000000000000000e+00
9.832131139631856698e-01,0.000000000000000000e+00,1.824608794531462352e-01,0.000000000000000000e+00,1.000000000000000000e+00,0.000000000000000000e+00,-1.824608794531462352e-01,0.000000000000000000e+00,9.832131139631856698e-01,1.286878201541513111e-01,0.000000000000000000e+00,7.022402302452729339e-01,0.000000000000000000e+00
9.824796948945534458e-01,0.000000000000000000e+00,1.863696571867456131e-01,0.000000000000000000e+00,1.000000000000000000e+00,0.000000000000000000e+00,-1.863696571867456131e-01,0.000000000000000000e+00,9.824796948945534458e-01,1.315748179539482365e-01,0.000000000000000000e+00,7.031076877030423278e-01,0.000000000000000000e+00
9.817243273610567478e-01,0.000000000000000000e+00,1.903085522709913602e-01,0.000000000000000000e+00,1.000000000000000000e+00,0.000000000000000000e+00,-1.903085522709913602e-01,0.000000000000000000e+00,9.817243273610567478e-01,1.344897358129569509e-01,0.000000000000000000e+00,7.039708567242042303e-01,0.000000000000000000e+00
9.809466831755876415e-01,0.000000000000000000e+00,1.942771339268038744e-01,0.000000000000000000e+00,1.000000000000000000e+00,0.000000000000000000e+00,-1.942771339268038744e-01,0.000000000000000000e+00,9.809466831755876415e-01,1.374323980003223367e-01,0.000000000000000000e+00,7.048293663379738838e-01,0.000000000000000000e+00
9.801464364382447281e-01,0.000000000000000000e+00,1.982749685094158110e-01,0.000000000000000000e+00,1.000000000000000000e+00,0.000000000000000000e+00,-1.982749685094158110e-01,0.000000000000000000e+00,9.801464364382447281e-01,1.404026260593455033e-01,0.000000000000000000e+00,7.056828461154522891e-01,0.000000000000000000e+00
9.793232636580281314e-01,0.000000000000000000e+00,2.023016195144969609e-01,0.000000000000000000e+00,1.000000000000000000e+00,0.000000000000000000e+00,-2.023016195144969609e-01,0.000000000000000000e+00,9.793232636580281314e-01,1.434002387692268066e-01,0.000000000000000000e+00,7.065309262536910717e-01,0.000000000000000000e+00
9.784768438736872742e-01,0.000000000000000000e+00,2.063566475861340621e-01,0.000000000000000000e+00,1.000000000000000000e+00,0.000000000000000000e+00,-2.063566475861340621e-01,0.000000000000000000e+00,9.784768438736872742e-01,1.464250521083531875e-01,0.000000000000000000e+00,7.073732376598311777e-01,0.000000000000000000e+00
9.776068587737004600e-01,0.000000000000000000e+00,2.104396105266734540e-01,0.000000000000000000e+00,1.000000000000000000e+00,0.000000000000000000e+00,-2.104396105266734540e-01,0.000000000000000000e+00,9.776068587737004600e-01,1.494768792191417395e-01,0.000000000000000000e+00,7.082094120353078504e-01,0.000000000000000000e+00
9.767129928153642782e-01,0.000000000000000000e+00,2.145500633084366504e-01,0.000000000000000000e+00,1.000000000000000000e+00,0.000000000000000000e+00,-2.145500633084366504e-01,0.000000000000000000e+00,9.767129928153642782e-01,1.525555303744544067e-01,0.000000000000000000e+00,7.090390819601071204e-01,0.000000000000000000e+00
9.757949333429679628e-01,0.000000000000000000e+00,2.186875580873150759e-01,0.000000000000000000e+00,1.000000000000000000e+00,0.000000000000000000e+00,-2.186875580873150759e-01,0.000000000000000000e+00,9.757949333429679628e-01,1.556608129455963330e-01,0.000000000000000000e+00,7.098618809770607108e-01,0.000000000000000000e+00
9.748523707050327225e-01,0.000000000000000000e+00,2.228516442182500445e-01,0.000000000000000000e+00,1.000000000000000000e+00,0.000000000000000000e+00,-2.228516442182500445e-01,0.000000000000000000e+00,9.748523707050327225e-01,1.587925313719091847e-01,0.000000000000000000e+00,7.106774436761689184e-01,0.000000000000000000e+00
9.738849983705906155e-01,0.000000000000000000e+00,2.270418682726045301e-01,0.000000000000000000e+00,1.000000000000000000e+00,0.000000000000000000e+00,-2.270418682726045301e-01,0.000000000000000000e+00,9.738849983705906155e-01,1.619504871319728534e-01,0.000000000000000000e+00,7.114854057789347097e-01,0.000000000000000000e+00
9.728925130444796565e-01,0.000000000000000000e+00,2.312577740574291996e-01,0.000000000000000000e+00,1.000000000000000000e+00,0.000000000000000000e+00,-2.312577740574291996e-01,0.000000000000000000e+00,9.728925130444796565e-01,1.651344787164241990e-01,0.000000000000000000e+00,7.122854042226957061e-01,0.000000000000000000e+00
9.718746147816312853e-01,0.000000000000000000e+00,2.354989026366275939e-01,0.000000000000000000e+00,1.000000000000000000e+00,0.000000000000000000e+00,-2.354989026366275939e-01,0.000000000000000000e+00,9.718746147816312853e-01,1.683443016024064598e-01,0.000000000000000000e+00,7.130770772449388506e-01,0.000000000000000000e+00
9.708310071003259933e-01,0.000000000000000000e+00,2.397647923540207338e-01,0.000000000000000000e+00,1.000000000000000000e+00,0.000000000000000000e+00,-2.397647923540207338e-01,0.000000000000000000e+00,9.708310071003259933e-01,1.715797482296559651e-01,0.000000000000000000e+00,7.138600644675822116e-01,0.000000000000000000e+00
9.697613970943923523e-01,0.000000000000000000e+00,2.440549788583141477e-01,0.000000000000000000e+00,1.000000000000000000e+00,0.000000000000000000e+00,-2.440549788583141477e-01,0.000000000000000000e+00,9.697613970943923523e-01,1.748406079782378886e-01,0.000000000000000000e+00,7.146340069812076035e-01,0.000000000000000000e+00
9.686654955443241288e-01,0.000000000000000000e+00,2.483689951299657417e-01,0.000000000000000000e+00,1.000000000000000000e+00,0.000000000000000000e+00,-2.483689951299657417e-01,0.000000000000000000e+00,9.686654955443241288e-01,1.781266671479385666e-01,0.000000000000000000e+00,7.153985474292268165e-01,0.000000000000000000e+00
9.675430170272909525e-01,0.000000000000000000e+00,2.527063715099547303e-01,0.000000000000000000e+00,1.000000000000000000e+00,0.000000000000000000e+00,-2.527063715099547303e-01,0.000000000000000000e+00,9.675430170272909525e-01,1.814377089393229836e-01,0.000000000000000000e+00,7.161533300919653566e-01,0.000000000000000000e+00
9.663936800260175541e-01,0.000000000000000000e+00,2.570666357304487448e-01,0.000000000000000000e+00,1.000000000000000000e+00,0.000000000000000000e+00,-2.570666357304487448e-01,0.000000000000000000e+00,9.663936800260175541e-01,1.847735134364640597e-01,0.000000000000000000e+00,7.168980009706450440e-01,0.000000000000000000e+00
9.652172070365042655e-01,0.000000000000000000e+00,2.614493129473666744e-01,0.000000000000000000e+00,1.000000000000000000e+00,0.000000000000000000e+00,-2.614493129473666744e-01,0.000000000000000000e+00,9.652172070365042655e-01,1.881338575913520383e-01,0.000000000000000000e+00,7.176322078712469299e-01,0.000000000000000000e+00
9.640133246745657969e-01,0.000000000000000000e+00,2.658539257748327445e-01,0.000000000000000000e+00,1.000000000000000000e+00,0.000000000000000000e+00,-2.658539257748327445e-01,0.000000000000000000e+00,9.640133246745657969e-01,1.915185152099886379e-01,0.000000000000000000e+00,7.183556004882369894e-01,0.000000000000000000e+00
9.627817637811596496e-01,0.000000000000000000e+00,2.702799943215169476e-01,0.000000000000000000e+00,1.000000000000000000e+00,0.000000000000000000e+00,-2.702799943215169476e-01,0.000000000000000000e+00,9.627817637811596496e-01,1.949272569401724886e-01,0.000000000000000000e+00,7.190678304881340521e-01,0.000000000000000000e+00
9.615222595264807381e-01,0.000000000000000000e+00,2.747270362288558587e-01,0.000000000000000000e+00,1.000000000000000000e+00,0.000000000000000000e+00,-2.747270362288558587e-01,0.000000000000000000e+00,9.615222595264807381e-01,1.983598502609803249e-01,0.000000000000000000e+00,7.197685515929022060e-01,0.000000000000000000e+00
9.602345515127933551e-01,0.000000000000000000e+00,2.791945667111461193e-01,0.000000000000000000e+00,1.000000000000000000e+00,0.000000000000000000e+00,-2.791945667111461193e-01,0.000000000000000000e+00,9.602345515127933551e-01,2.018160594739488722e-01,0.000000000000000000e+00,7.204574196631448046e-01,0.000000000000000000e+00
9.589183838759773870e-01,0.000000000000000000e+00,2.836820985975036513e-01,0.000000000000000000e+00,1.000000000000000000e+00,0.000000000000000000e+00,-2.836820985975036513e-01,0.000000000000000000e+00,9.589183838759773870e-01,2.052956456959602327e-01,0.000000000000000000e+00,7.211340927810824253e-01,0.000000000000000000e+00
9.575735053857595824e-01,0.000000000000000000e+00,2.881891423756777759e-01,0.000000000000000000e+00,1.000000000000000000e+00,0.000000000000000000e+00,-2.881891423756777759e-01,0.000000000000000000e+00,9.575735053857595824e-01,2.087983668538343496e-01,0.000000000000000000e+00,7.217982313332924615e-01,0.000000000000000000e+00
9.561996695446062233e-01,0.000000000000000000e+00,2.927152062377114672e-01,0.000000000000000000e+00,1.000000000000000000e+00,0.000000000000000000e+00,-2.927152062377114672e-01,0.000000000000000000e+00,9.561996695446062233e-01,2.123239776806301604e-01,0.000000000000000000e+00,7.224494980931891464e-01,0.000000000000000000e+00
9.547966346852481134e-01,0.000000000000000000e+00,2.972597961274360823e-01,0.000000000000000000e+00,1.000000000000000000e+00,0.000000000000000000e+00,-2.972597961274360823e-01,0.000000000000000000e+00,9.547966346852481134e-01,2.158722297136587420e-01,0.000000000000000000e+00,7.230875583032229104e-01,0.000000000000000000e+00
9.533641640668147899e-01,0.000000000000000000e+00,3.018224157897878013e-01,0.000000000000000000e+00,1.000000000000000000e+00,0.000000000000000000e+00,-3.018224157897878013e-01,0.000000000000000000e+00,9.533641640668147899e-01,2.194428712942064208e-01,0.000000000000000000e+00,7.237120797567766495e-01,0.000000000000000000e+00
9.519020259695478714e-01,0.000000000000000000e+00,3.064025668219348408e-01,0.000000000000000000e+00,1.000000000000000000e+00,0.000000000000000000e+00,-3.064025668219348408e-01,0.000000000000000000e+00,9.519020259695478714e-01,2.230356475689725948e-01,0.000000000000000000e+00,7.243227328797369191e-01,0.000000000000000000e+00
9.504099937880714499e-01,0.000000000000000000e+00,3.109997487261976223e-01,0.000000000000000000e+00,1.000000000000000000e+00,0.000000000000000000e+00,-3.109997487261976223e-01,0.000000000000000000e+00,9.504099937880714499e-01,2.266503004932166609e-01,0.000000000000000000e+00,7.249191908117174066e-01,0.000000000000000000e+00
9.488878461231894379e-01,0.000000000000000000e+00,3.156134589647507926e-01,0.000000000000000000e+00,1.000000000000000000e+00,0.000000000000000000e+00,-3.156134589647507926e-01,0.000000000000000000e+00,9.488878461231894379e-01,2.302865688356177942e-01,0.000000000000000000e+00,7.255011294869117000e-01,0.000000000000000000e+00
9.473353668721865573e-01,0.000000000000000000e+00,3.202431930160883899e-01,0.000000000000000000e+00,1.000000000000000000e+00,0.000000000000000000e+00,-3.202431930160883899e-01,0.000000000000000000e+00,9.473353668721865573e-01,2.339441881848425830e-01,0.000000000000000000e+00,7.260682277145523722e-01,0.000000000000000000e+00
9.457523453176058803e-01,0.000000000000000000e+00,3.248884444332361676e-01,0.000000000000000000e+00,1.000000000000000000e+00,0.000000000000000000e+00,-3.248884444332361676e-01,0.000000000000000000e+00,9.457523453176058803e-01,2.376228909578199933e-01,0.000000000000000000e+00,7.266201672589526206e-01,0.000000000000000000e+00
9.441385762144766103e-01,0.000000000000000000e+00,3.295487049036922578e-01,0.000000000000000000e+00,1.000000000000000000e+00,0.000000000000000000e+00,-3.295487049036922578e-01,0.000000000000000000e+00,9.441385762144766103e-01,2.413224064097193589e-01,0.000000000000000000e+00,7.271566329191072597e-01,0.000000000000000000e+00
9.424938598759677877e-01,0.000000000000000000e+00,3.342234643110796877e-01,0.000000000000000000e+00,1.000000000000000000e+00,0.000000000000000000e+00,-3.342234643110796877e-01,0.000000000000000000e+00,9.424938598759677877e-01,2.450424606456286236e-01,0.000000000000000000e+00,7.276773126078288634e-01,0.000000000000000000e+00
9.408180022574408330e-01,0.000000000000000000e+00,3.389122107984869903e-01,0.000000000000000000e+00,1.000000000000000000e+00,0.000000000000000000e+00,-3.389122107984869903e-01,0.000000000000000000e+00,9.408180022574408330e-01,2.487827766339276436e-01,0.000000000000000000e+00,7.281818974303951864e-01,0.000000000000000000e+00
