1.000000000000000000e+00,0.000000000000000000e+00,0.000000000000000000e+00,0.000000000000000000e+00,1.000000000000000000e+00,0.000000000000000000e+00,0.000000000000000000e+00,0.000000000000000000e+00,1.000000000000000000e+00,0.000000000000000000e+00,0.000000000000000000e+00,6.500000000000000222e-01,0.000000000000000000e+00
9.999999995633753747e-01,0.000000000000000000e+00,2.955078996929363708e-05,0.000000000000000000e+00,1.000000000000000000e+00,0.000000000000000000e+00,-2.955078996929363708e-05,0.000000000000000000e+00,9.999999995633753747e-01,2.285025673581955421e-05,0.000000000000000000e+00,6.500073356459898921e-01,0.000000000000000000e+00
9.999999930373709711e-01,0.000000000000000000e+00,1.180053300641936746e-04,0.000000000000000000e+00,1.000000000000000000e+00,0.000000000000000000e+00,-1.180053300641936746e-04,0.000000000000000000e+00,9.999999930373709711e-01,9.124934994479419134e-05,0.000000000000000000e+00,6.500292894393355780e-01,0.000000000000000000e+00
9.999999648697756038e-01,0.000000000000000000e+00,2.650668736550089596e-04,0.000000000000000000e+00,1.000000000000000000e+00,0.000000000000000000e+00,-2.650668736550089596e-04,0.000000000000000000e+00,9.999999648697756038e-01,2.049716811319420809e-04,0.000000000000000000e+00,6.500657756869389070e-01,0.000000000000000000e+00
9.999998893437239689e-01,0.000000000000000000e+00,4.704386675494780408e-04,0.000000000000000000e+00,1.000000000000000000e+00,0.000000000000000000e+00,-4.704386675494780408e-04,0.000000000000000000e+00,9.999998893437239689e-01,3.637941701031586843e-04,0.000000000000000000e+00,6.501167008342537690e-01,0.000000000000000000e+00
9.999997307511729883e-01,0.000000000000000000e+00,7.338239445717288688e-04,0.000000000000000000e+00,1.000000000000000000e+00,0.000000000000000000e+00,-7.338239445717288688e-04,0.000000000000000000e+00,9.999997307511729883e-01,5.674962061613951546e-04,0.000000000000000000e+00,6.501819635975845113e-01,0.000000000000000000e+00
9.999994435655038538e-01,0.000000000000000000e+00,1.054925913349749307e-03,0.000000000000000000e+00,1.000000000000000000e+00,0.000000000000000000e+00,-1.054925913349749307e-03,0.000000000000000000e+00,9.999994435655038538e-01,8.158595973613620321e-04,0.000000000000000000e+00,6.502614550950149841e-01,0.000000000000000000e+00
9.999989726132527679e-01,0.000000000000000000e+00,1.433447745415509286e-03,0.000000000000000000e+00,1.000000000000000000e+00,0.000000000000000000e+00,-1.433447745415509286e-03,0.000000000000000000e+00,9.999989726132527679e-01,1.108668517902543053e-03,0.000000000000000000e+00,6.503550589759971023e-01,0.000000000000000000e+00
9.999982532449760431e-01,0.000000000000000000e+00,1.869092559720453945e-03,0.000000000000000000e+00,1.000000000000000000e+00,0.000000000000000000e+00,-1.869092559720453945e-03,0.000000000000000000e+00,9.999982532449760431e-01,1.445709453738538595e-03,0.000000000000000000e+00,6.504626515496283456e-01,0.000000000000000000e+00
9.999972115052550015e-01,0.000000000000000000e+00,2.361563404667667981e-03,0.000000000000000000e+00,1.000000000000000000e+00,0.000000000000000000e+00,-2.361563404667667981e-03,0.000000000000000000e+00,9.999972115052550015e-01,1.826771146479720317e-03,0.000000000000000000e+00,6.505841019116471724e-01,0.000000000000000000e+00
9.999957643018488884e-01,0.000000000000000000e+00,2.910563237760615141e-03,0.000000000000000000e+00,1.000000000000000000e+00,0.000000000000000000e+00,-2.910563237760615141e-03,0.000000000000000000e+00,9.999957643018488884e-01,2.251644535664409658e-03,0.000000000000000000e+00,6.507192720701787669e-01,0.000000000000000000e+00
9.999938195740013525e-01,0.000000000000000000e+00,3.515794902966941273e-03,0.000000000000000000e+00,1.000000000000000000e+00,0.000000000000000000e+00,-3.515794902966941273e-03,0.000000000000000000e+00,9.999938195740013525e-01,2.720122699473351800e-03,0.000000000000000000e+00,6.508680170702580980e-01,0.000000000000000000e+00
9.999912764599098169e-01,0.000000000000000000e+00,4.176961105894473614e-03,0.000000000000000000e+00,1.000000000000000000e+00,0.000000000000000000e+00,-4.176961105894473614e-03,0.000000000000000000e+00,9.999912764599098169e-01,3.232000793960289938e-03,0.000000000000000000e+00,6.510301851171635956e-01,0.000000000000000000e+00
9.999880254633680687e-01,0.000000000000000000e+00,4.893764386875150939e-03,0.000000000000000000e+00,1.000000000000000000e+00,0.000000000000000000e+00,-4.893764386875150939e-03,0.000000000000000000e+00,9.999880254633680687e-01,3.787075990870087359e-03,0.000000000000000000e+00,6.512056176985910882e-01,0.000000000000000000e+00
9.999839486195887250e-01,0.000000000000000000e+00,5.665907092051277599e-03,0.000000000000000000e+00,1.000000000000000000e+00,0.000000000000000000e+00,-5.665907092051277599e-03,0.000000000000000000e+00,9.999839486195887250e-01,4.385147414115750202e-03,0.000000000000000000e+00,6.513941497056987551e-01,0.000000000000000000e+00
9.999789196602182351e-01,0.000000000000000000e+00,6.493091342557119269e-03,0.000000000000000000e+00,1.000000000000000000e+00,0.000000000000000000e+00,-6.493091342557119269e-03,0.000000000000000000e+00,9.999789196602182351e-01,5.026016074983116408e-03,0.000000000000000000e+00,6.515956095530536230e-01,0.000000000000000000e+00
9.999728041775545195e-01,0.000000000000000000e+00,7.375019001887556103e-03,0.000000000000000000e+00,1.000000000000000000e+00,0.000000000000000000e+00,-7.375019001887556103e-03,0.000000000000000000e+00,9.999728041775545195e-01,5.709484806131643990e-03,0.000000000000000000e+00,6.518098192975126937e-01,0.000000000000000000e+00
9.999654597879773510e-01,0.000000000000000000e+00,8.311391641544140299e-03,0.000000000000000000e+00,1.000000000000000000e+00,0.000000000000000000e+00,-8.311391641544140299e-03,0.000000000000000000e+00,9.999654597879773510e-01,6.435358194458630152e-03,0.000000000000000000e+00,6.520365947560667896e-01,0.000000000000000000e+00
9.999567362946039095e-01,0.000000000000000000e+00,9.301910505047642636e-03,0.000000000000000000e+00,1.000000000000000000e+00,0.000000000000000000e+00,-9.301910505047642636e-03,0.000000000000000000e+00,9.999567362946039095e-01,7.203442512892670180e-03,0.000000000000000000e+00,6.522757456226805362e-01,0.000000000000000000e+00
9.999464758491816152e-01,0.000000000000000000e+00,1.034627647040477737e-02,0.000000000000000000e+00,1.000000000000000000e+00,0.000000000000000000e+00,-1.034627647040477737e-02,0.000000000000000000e+00,9.999464758491816152e-01,8.013545651181159732e-03,0.000000000000000000e+00,6.525270755841576786e-01,0.000000000000000000e+00
9.999345131132285625e-01,0.000000000000000000e+00,1.144419001111565692e-02,0.000000000000000000e+00,1.000000000000000000e+00,0.000000000000000000e+00,-1.144419001111565692e-02,0.000000000000000000e+00,9.999345131132285625e-01,8.865477045736192691e-03,0.000000000000000000e+00,6.527903824350634876e-01,0.000000000000000000e+00
9.999206754184363222e-01,0.000000000000000000e+00,1.259535115580705071e-02,0.000000000000000000e+00,1.000000000000000000e+00,0.000000000000000000e+00,-1.259535115580705071e-02,0.000000000000000000e+00,9.999206754184363222e-01,9.759047608600985441e-03,0.000000000000000000e+00,6.530654581917350043e-01,0.000000000000000000e+00
9.999047829263455478e-01,0.000000000000000000e+00,1.379945944657545720e-02,0.000000000000000000e+00,1.000000000000000000e+00,0.000000000000000000e+00,-1.379945944657545720e-02,0.000000000000000000e+00,9.999047829263455478e-01,1.069406965559919175e-02,0.000000000000000000e+00,6.533520892054091034e-01,0.000000000000000000e+00
9.998866487873083742e-01,0.000000000000000000e+00,1.505621389612256562e-02,0.000000000000000000e+00,1.000000000000000000e+00,0.000000000000000000e+00,-1.505621389612256562e-02,0.000000000000000000e+00,9.998866487873083742e-01,1.167035683372747053e-02,0.000000000000000000e+00,6.536500562744986809e-01,0.000000000000000000e+00
9.998660792987492663e-01,0.000000000000000000e+00,1.636531294376457682e-02,0.000000000000000000e+00,1.000000000000000000e+00,0.000000000000000000e+00,-1.636531294376457682e-02,0.000000000000000000e+00,9.998660792987492663e-01,1.268772404785145462e-02,0.000000000000000000e+00,6.539591347560474999e-01,0.000000000000000000e+00
9.998428740627379741e-01,0.000000000000000000e+00,1.772645441039550837e-02,0.000000000000000000e+00,1.000000000000000000e+00,0.000000000000000000e+00,-1.772645441039550837e-02,0.000000000000000000e+00,9.998428740627379741e-01,1.374598738676362751e-02,0.000000000000000000e+00,6.542790946763928916e-01,0.000000000000000000e+00
9.998168261428876935e-01,0.000000000000000000e+00,1.913933545248351631e-02,0.000000000000000000e+00,1.000000000000000000e+00,0.000000000000000000e+00,-1.913933545248351631e-02,0.000000000000000000e+00,9.998168261428876935e-01,1.484496404866100967e-02,0.000000000000000000e+00,6.546097008410669549e-01,0.000000000000000000e+00
9.997877222205890924e-01,0.000000000000000000e+00,2.060365251517784491e-02,0.000000000000000000e+00,1.000000000000000000e+00,0.000000000000000000e+00,-2.060365251517784491e-02,0.000000000000000000e+00,9.997877222205890924e-01,1.598447226610002700e-02,0.000000000000000000e+00,6.549507129439634534e-01,0.000000000000000000e+00
9.997553427505958545e-01,0.000000000000000000e+00,2.211910128460313138e-02,0.000000000000000000e+00,1.000000000000000000e+00,0.000000000000000000e+00,-2.211910128460313138e-02,0.000000000000000000e+00,9.997553427505958545e-01,1.716433123048394932e-02,0.000000000000000000e+00,6.553018856758009436e-01,0.000000000000000000e+00
9.997194621159722905e-01,0.000000000000000000e+00,2.368537663941622240e-02,0.000000000000000000e+00,1.000000000000000000e+00,0.000000000000000000e+00,-2.368537663941622240e-02,0.000000000000000000e+00,9.997194621159722905e-01,1.838436101613847434e-02,0.000000000000000000e+00,6.556629688319106641e-01,0.000000000000000000e+00
9.996798487824157808e-01,0.000000000000000000e+00,2.530217260169987867e-02,0.000000000000000000e+00,1.000000000000000000e+00,0.000000000000000000e+00,-2.530217260169987867e-02,0.000000000000000000e+00,9.996798487824157808e-01,1.964438250402971570e-02,0.000000000000000000e+00,6.560337074193750562e-01,0.000000000000000000e+00
9.996362654519673763e-01,0.000000000000000000e+00,2.696918228726616004e-02,0.000000000000000000e+00,1.000000000000000000e+00,0.000000000000000000e+00,-2.696918228726616004e-02,0.000000000000000000e+00,9.996362654519673763e-01,2.094421730517766200e-02,0.000000000000000000e+00,6.564138417635476674e-01,0.000000000000000000e+00
9.995884692161209895e-01,0.000000000000000000e+00,2.868609785544153426e-02,0.000000000000000000e+00,1.000000000000000000e+00,0.000000000000000000e+00,-2.868609785544153426e-02,0.000000000000000000e+00,9.995884692161209895e-01,2.228368768381813400e-02,0.000000000000000000e+00,6.568031076139789759e-01,0.000000000000000000e+00
9.995362117083446130e-01,0.000000000000000000e+00,3.045261045840426395e-02,0.000000000000000000e+00,1.000000000000000000e+00,0.000000000000000000e+00,-3.045261045840426395e-02,0.000000000000000000e+00,9.995362117083446130e-01,2.366261648036454765e-02,0.000000000000000000e+00,6.572012362497763327e-01,0.000000000000000000e+00
9.994792392560241101e-01,0.000000000000000000e+00,3.226841019014375228e-02,0.000000000000000000e+00,1.000000000000000000e+00,0.000000000000000000e+00,-3.226841019014375228e-02,0.000000000000000000e+00,9.994792392560241101e-01,2.508082703422067489e-02,0.000000000000000000e+00,6.576079545844238927e-01,0.000000000000000000e+00
9.994172930318409032e-01,0.000000000000000000e+00,3.413318603511010518e-02,0.000000000000000000e+00,1.000000000000000000e+00,0.000000000000000000e+00,-3.413318603511010518e-02,0.000000000000000000e+00,9.994172930318409032e-01,2.653814310649438984e-02,0.000000000000000000e+00,6.580229852700870685e-01,0.000000000000000000e+00
9.993501092045952161e-01,0.000000000000000000e+00,3.604662581662140125e-02,0.000000000000000000e+00,1.000000000000000000e+00,0.000000000000000000e+00,-3.604662581662140125e-02,0.000000000000000000e+00,9.993501092045952161e-01,2.803438880266173952e-02,0.000000000000000000e+00,6.584460468014294854e-01,0.000000000000000000e+00
9.992774190894845310e-01,0.000000000000000000e+00,3.800841614509472416e-02,0.000000000000000000e+00,1.000000000000000000e+00,0.000000000000000000e+00,-3.800841614509472416e-02,0.000000000000000000e+00,9.992774190894845310e-01,2.956938849522996321e-02,0.000000000000000000e+00,6.588768536189637537e-01,0.000000000000000000e+00
9.991989492978476939e-01,0.000000000000000000e+00,4.001824236616610686e-02,0.000000000000000000e+00,1.000000000000000000e+00,0.000000000000000000e+00,-4.001824236616610686e-02,0.000000000000000000e+00,9.991989492978476939e-01,3.114296674644725926e-02,0.000000000000000000e+00,6.593151162119614828e-01,0.000000000000000000e+00
9.991144218863852178e-01,0.000000000000000000e+00,4.207578850876332599e-02,0.000000000000000000e+00,1.000000000000000000e+00,0.000000000000000000e+00,-4.207578850876332599e-02,0.000000000000000000e+00,9.991144218863852178e-01,3.275494823110611936e-02,0.000000000000000000e+00,6.597605412209478493e-01,0.000000000000000000e+00
9.990235545058642197e-01,0.000000000000000000e+00,4.418073723319446838e-02,0.000000000000000000e+00,1.000000000000000000e+00,0.000000000000000000e+00,-4.418073723319446838e-02,0.000000000000000000e+00,9.990235545058642197e-01,3.440515765948683885e-02,0.000000000000000000e+00,6.602128315398000380e-01,0.000000000000000000e+00
9.989260605493166523e-01,0.000000000000000000e+00,4.633276977931406748e-02,0.000000000000000000e+00,1.000000000000000000e+00,0.000000000000000000e+00,-4.633276977931406748e-02,0.000000000000000000e+00,9.989260605493166523e-01,3.609341970048674658e-02,0.000000000000000000e+00,6.606716864174738690e-01,0.000000000000000000e+00
9.988216492997409324e-01,0.000000000000000000e+00,4.853156591482758742e-02,0.000000000000000000e+00,1.000000000000000000e+00,0.000000000000000000e+00,-4.853156591482758742e-02,0.000000000000000000e+00,9.988216492997409324e-01,3.781955890497975398e-02,0.000000000000000000e+00,6.611368015593805936e-01,0.000000000000000000e+00
9.987100260773127403e-01,0.000000000000000000e+00,5.077680388379379739e-02,0.000000000000000000e+00,1.000000000000000000e+00,0.000000000000000000e+00,-5.077680388379379739e-02,0.000000000000000000e+00,9.987100260773127403e-01,3.958339962945066348e-02,0.000000000000000000e+00,6.616078692284339535e-01,0.000000000000000000e+00
9.985908923861138708e-01,0.000000000000000000e+00,5.306816035538373943e-02,0.000000000000000000e+00,1.000000000000000000e+00,0.000000000000000000e+00,-5.306816035538373943e-02,0.000000000000000000e+00,9.985908923861138708e-01,4.138476595994770857e-02,0.000000000000000000e+00,6.620845783457866007e-01,0.000000000000000000e+00
9.984639460603855765e-01,0.000000000000000000e+00,5.540531037295381295e-02,0.000000000000000000e+00,1.000000000000000000e+00,0.000000000000000000e+00,-5.540531037295381295e-02,0.000000000000000000e+00,9.984639460603855765e-01,4.322348163639583296e-02,0.000000000000000000e+00,6.625666145912789684e-01,0.000000000000000000e+00
9.983288814103129516e-01,0.000000000000000000e+00,5.778792730348945861e-02,0.000000000000000000e+00,1.000000000000000000e+00,0.000000000000000000e+00,-5.778792730348945861e-02,0.000000000000000000e+00,9.983288814103129516e-01,4.509936997731304326e-02,0.000000000000000000e+00,6.630536605036158049e-01,0.000000000000000000e+00
9.981853893673450218e-01,0.000000000000000000e+00,6.021568278747470998e-02,0.000000000000000000e+00,1.000000000000000000e+00,0.000000000000000000e+00,-6.021568278747470998e-02,0.000000000000000000e+00,9.981853893673450218e-01,4.701225380497142670e-02,0.000000000000000000e+00,6.635453955802901316e-01,0.000000000000000000e+00
9.980331576290583095e-01,0.000000000000000000e+00,6.268824668924234678e-02,0.000000000000000000e+00,1.000000000000000000e+00,0.000000000000000000e+00,-6.268824668924234678e-02,0.000000000000000000e+00,9.980331576290583095e-01,4.896195537104293394e-02,0.000000000000000000e+00,6.640414963772737211e-01,0.000000000000000000e+00
9.978718708035648755e-01,0.000000000000000000e+00,6.520528704785764906e-02,0.000000000000000000e+00,1.000000000000000000e+00,0.000000000000000000e+00,-6.520528704785764906e-02,0.000000000000000000e+00,9.978718708035648755e-01,5.094829628277095651e-02,0.000000000000000000e+00,6.645416366084871962e-01,0.000000000000000000e+00
9.977012105534724951e-01,0.000000000000000000e+00,6.776647002858832147e-02,0.000000000000000000e+00,1.000000000000000000e+00,0.000000000000000000e+00,-6.776647002858832147e-02,0.000000000000000000e+00,9.977012105534724951e-01,5.297109742970637636e-02,0.000000000000000000e+00,6.650454872450696220e-01,0.000000000000000000e+00
9.975208557393974163e-01,0.000000000000000000e+00,7.037145987501168543e-02,0.000000000000000000e+00,1.000000000000000000e+00,0.000000000000000000e+00,-7.037145987501168543e-02,0.000000000000000000e+00,9.975208557393974163e-01,5.503017891104738241e-02,0.000000000000000000e+00,6.655527166144606932e-01,0.000000000000000000e+00
9.973304825630342485e-01,0.000000000000000000e+00,7.301991886180947411e-02,0.000000000000000000e+00,1.000000000000000000e+00,0.000000000000000000e+00,-7.301991886180947411e-02,0.000000000000000000e+00,9.973304825630342485e-01,5.712535996362092666e-02,0.000000000000000000e+00,6.660629904993105033e-01,0.000000000000000000e+00
9.971297647097847605e-01,0.000000000000000000e+00,7.571150724829957268e-02,0.000000000000000000e+00,1.000000000000000000e+00,0.000000000000000000e+00,-7.571150724829957268e-02,0.000000000000000000e+00,9.971297647097847605e-01,5.925645889054358822e-02,0.000000000000000000e+00,6.665759722362314399e-01,0.000000000000000000e+00
9.969183734909460304e-01,0.000000000000000000e+00,7.844588323275264452e-02,0.000000000000000000e+00,1.000000000000000000e+00,0.000000000000000000e+00,-7.844588323275264452e-02,0.000000000000000000e+00,9.969183734909460304e-01,6.142329299059862829e-02,0.000000000000000000e+00,6.670913228144048635e-01,0.000000000000000000e+00
9.966959779854603907e-01,0.000000000000000000e+00,8.122270290754098065e-02,0.000000000000000000e+00,1.000000000000000000e+00,0.000000000000000000e+00,-8.122270290754098065e-02,0.000000000000000000e+00,9.966959779854603907e-01,6.362567848836553352e-02,0.000000000000000000e+00,6.676087009740543365e-01,0.000000000000000000e+00
9.964622451812260584e-01,0.000000000000000000e+00,8.404162021516603520e-02,0.000000000000000000e+00,1.000000000000000000e+00,0.000000000000000000e+00,-8.404162021516603520e-02,0.000000000000000000e+00,9.964622451812260584e-01,6.586343046513776223e-02,0.000000000000000000e+00,6.681277633047980613e-01,0.000000000000000000e+00
9.962168401159683384e-01,0.000000000000000000e+00,8.690228690520898636e-02,0.000000000000000000e+00,1.000000000000000000e+00,0.000000000000000000e+00,-8.690228690520898636e-02,0.000000000000000000e+00,9.962168401159683384e-01,6.813636279066372092e-02,0.000000000000000000e+00,6.686481643438906275e-01,0.000000000000000000e+00
9.959594260176705127e-01,0.000000000000000000e+00,8.980435249224948124e-02,0.000000000000000000e+00,1.000000000000000000e+00,0.000000000000000000e+00,-8.980435249224948124e-02,0.000000000000000000e+00,9.959594260176705127e-01,7.044428805574522168e-02,0.000000000000000000e+00,6.691695566743647294e-01,0.000000000000000000e+00
9.956896644445624167e-01,0.000000000000000000e+00,9.274746421479482250e-02,0.000000000000000000e+00,1.000000000000000000e+00,0.000000000000000000e+00,-9.274746421479482250e-02,0.000000000000000000e+00,9.956896644445624167e-01,7.278701750572748319e-02,0.000000000000000000e+00,6.696915910230807345e-01,0.000000000000000000e+00
9.954072154246631499e-01,0.000000000000000000e+00,9.573126699526231242e-02,0.000000000000000000e+00,1.000000000000000000e+00,0.000000000000000000e+00,-9.573126699526231242e-02,0.000000000000000000e+00,9.954072154246631499e-01,7.516436097491396851e-02,0.000000000000000000e+00,6.702139163586946502e-01,0.000000000000000000e+00
9.951117375948766997e-01,0.000000000000000000e+00,9.875540340105549986e-02,0.000000000000000000e+00,1.000000000000000000e+00,0.000000000000000000e+00,-9.875540340105549986e-02,0.000000000000000000e+00,9.951117375948766997e-01,7.757612682193802678e-02,0.000000000000000000e+00,6.707361799895504850e-01,0.000000000000000000e+00
9.948028883396348165e-01,0.000000000000000000e+00,1.018195136067744921e-01,0.000000000000000000e+00,1.000000000000000000e+00,0.000000000000000000e+00,-1.018195136067744921e-01,0.000000000000000000e+00,9.948028883396348165e-01,8.002212186612403522e-02,0.000000000000000000e+00,6.712580276615044417e-01,0.000000000000000000e+00
9.944803239290829211e-01,0.000000000000000000e+00,1.049232353575995369e-01,0.000000000000000000e+00,1.000000000000000000e+00,0.000000000000000000e+00,-1.049232353575995369e-01,0.000000000000000000e+00,9.944803239290829211e-01,8.250215132486903025e-02,0.000000000000000000e+00,6.717791036556874928e-01,0.000000000000000000e+00
9.941436996568050466e-01,0.000000000000000000e+00,1.080662039338859681e-01,0.000000000000000000e+00,1.000000000000000000e+00,0.000000000000000000e+00,-1.080662039338859681e-01,0.000000000000000000e+00,9.941436996568050466e-01,8.501601875207549786e-02,0.000000000000000000e+00,6.722990508862116688e-01,0.000000000000000000e+00
9.937926699770791572e-01,0.000000000000000000e+00,1.112480521170070846e-01,0.000000000000000000e+00,1.000000000000000000e+00,0.000000000000000000e+00,-1.112480521170070846e-01,0.000000000000000000e+00,9.937926699770791572e-01,8.756352597766582646e-02,0.000000000000000000e+00,6.728175109978234980e-01,0.000000000000000000e+00
9.934268886416591782e-01,0.000000000000000000e+00,1.144684101564819589e-01,0.000000000000000000e+00,1.000000000000000000e+00,0.000000000000000000e+00,-1.144684101564819589e-01,0.000000000000000000e+00,9.934268886416591782e-01,9.014447304820778772e-02,0.000000000000000000e+00,6.733341244635095979e-01,0.000000000000000000e+00
9.930460088360743010e-01,0.000000000000000000e+00,1.177269057384222051e-01,0.000000000000000000e+00,1.000000000000000000e+00,0.000000000000000000e+00,-1.177269057384222051e-01,0.000000000000000000e+00,9.930460088360743010e-01,9.275865816867953639e-02,0.000000000000000000e+00,6.738485306820577447e-01,0.000000000000000000e+00
9.926496833154386801e-01,0.000000000000000000e+00,1.210231639553323163e-01,0.000000000000000000e+00,1.000000000000000000e+00,0.000000000000000000e+00,-1.210231639553323163e-01,0.000000000000000000e+00,9.926496833154386801e-01,9.540587764540306437e-02,0.000000000000000000e+00,6.743603680755742014e-01,0.000000000000000000e+00
9.922375645397614186e-01,0.000000000000000000e+00,1.243568072772966437e-01,0.000000000000000000e+00,1.000000000000000000e+00,0.000000000000000000e+00,-1.243568072772966437e-01,0.000000000000000000e+00,9.922375645397614186e-01,9.808592583017389233e-02,0.000000000000000000e+00,6.748692741869594114e-01,0.000000000000000000e+00
9.918093048087496255e-01,0.000000000000000000e+00,1.277274555245845045e-01,0.000000000000000000e+00,1.000000000000000000e+00,0.000000000000000000e+00,-1.277274555245845045e-01,0.000000000000000000e+00,9.918093048087496255e-01,1.007985950656128948e-01,0.000000000000000000e+00,6.753748857773437253e-01,0.000000000000000000e+00
9.913645563960923335e-01,0.000000000000000000e+00,1.311347258417051298e-01,0.000000000000000000e+00,1.000000000000000000e+00,0.000000000000000000e+00,-1.311347258417051298e-01,0.000000000000000000e+00,9.913645563960923335e-01,1.035436756317685836e-01,0.000000000000000000e+00,6.758768389234817153e-01,0.000000000000000000e+00
9.909029716832156165e-01,0.000000000000000000e+00,1.345782326729416944e-01,0.000000000000000000e+00,1.000000000000000000e+00,0.000000000000000000e+00,-1.345782326729416944e-01,0.000000000000000000e+00,9.909029716832156165e-01,1.063209556939938988e-01,0.000000000000000000e+00,6.763747691151043018e-01,0.000000000000000000e+00
9.904242032924980288e-01,0.000000000000000000e+00,1.380575877393940276e-01,0.000000000000000000e+00,1.000000000000000000e+00,0.000000000000000000e+00,-1.380575877393940276e-01,0.000000000000000000e+00,9.904242032924980288e-01,1.091302212521238213e-01,0.000000000000000000e+00,6.768683113522286909e-01,0.000000000000000000e+00
9.899279042199329304e-01,0.000000000000000000e+00,1.415724000175574426e-01,0.000000000000000000e+00,1.000000000000000000e+00,0.000000000000000000e+00,-1.415724000175574426e-01,0.000000000000000000e+00,9.899279042199329304e-01,1.119712560909779525e-01,0.000000000000000000e+00,6.773571002424217946e-01,0.000000000000000000e+00
9.894137279672258201e-01,0.000000000000000000e+00,1.451222757194648716e-01,0.000000000000000000e+00,1.000000000000000000e+00,0.000000000000000000e+00,-1.451222757194648716e-01,0.000000000000000000e+00,9.894137279672258201e-01,1.148438417322124039e-01,0.000000000000000000e+00,6.778407700980145778e-01,0.000000000000000000e+00
9.888813286733141306e-01,0.000000000000000000e+00,1.487068182744183398e-01,0.000000000000000000e+00,1.000000000000000000e+00,0.000000000000000000e+00,-1.487068182744183398e-01,0.000000000000000000e+00,9.888813286733141306e-01,1.177477573875437555e-01,0.000000000000000000e+00,6.783189550332645590e-01,0.000000000000000000e+00
9.883303612452936093e-01,0.000000000000000000e+00,1.523256283123343990e-01,0.000000000000000000e+00,1.000000000000000000e+00,0.000000000000000000e+00,-1.523256283123343990e-01,0.000000000000000000e+00,9.883303612452936093e-01,1.206827799133684403e-01,0.000000000000000000e+00,6.787912890614603567e-01,0.000000000000000000e+00
9.877604814887389617e-01,0.000000000000000000e+00,1.559783036487272512e-01,0.000000000000000000e+00,1.000000000000000000e+00,0.000000000000000000e+00,-1.559783036487272512e-01,0.000000000000000000e+00,9.877604814887389617e-01,1.236486837667989114e-01,0.000000000000000000e+00,6.792574061919639528e-01,0.000000000000000000e+00
9.871713462374018810e-01,0.000000000000000000e+00,1.596644392713529315e-01,0.000000000000000000e+00,1.000000000000000000e+00,0.000000000000000000e+00,-1.596644392713529315e-01,0.000000000000000000e+00,9.871713462374018810e-01,1.266452409631386444e-01,0.000000000000000000e+00,6.797169405271843434e-01,0.000000000000000000e+00
9.865626134822715887e-01,0.000000000000000000e+00,1.633836273285361185e-01,0.000000000000000000e+00,1.000000000000000000e+00,0.000000000000000000e+00,-1.633836273285361185e-01,0.000000000000000000e+00,9.865626134822715887e-01,1.296722210348166537e-01,0.000000000000000000e+00,6.801695263594755847e-01,0.000000000000000000e+00
9.859339424999811197e-01,0.000000000000000000e+00,1.671354571191996929e-01,0.000000000000000000e+00,1.000000000000000000e+00,0.000000000000000000e+00,-1.671354571191996929e-01,0.000000000000000000e+00,9.859339424999811197e-01,1.327293909918008386e-01,0.000000000000000000e+00,6.806147982679517927e-01,0.000000000000000000e+00
9.852849939805431445e-01,0.000000000000000000e+00,1.709195150846181677e-01,0.000000000000000000e+00,1.000000000000000000e+00,0.000000000000000000e+00,-1.709195150846181677e-01,0.000000000000000000e+00,9.852849939805431445e-01,1.358165152835111855e-01,0.000000000000000000e+00,6.810523912152114390e-01,0.000000000000000000e+00
9.846154301543966758e-01,0.000000000000000000e+00,1.747353848019124190e-01,0.000000000000000000e+00,1.000000000000000000e+00,0.000000000000000000e+00,-1.747353848019124190e-01,0.000000000000000000e+00,9.846154301543966758e-01,1.389333557622498272e-01,0.000000000000000000e+00,6.814819406439620586e-01,0.000000000000000000e+00
9.839249149187478949e-01,0.000000000000000000e+00,1.785826469793040938e-01,0.000000000000000000e+00,1.000000000000000000e+00,0.000000000000000000e+00,-1.785826469793040938e-01,0.000000000000000000e+00,9.839249149187478949e-01,1.420796716481677324e-01,0.000000000000000000e+00,6.819030825735340473e-01,0.000000000000000000e+00
9.832131139631856698e-01,0.000000000000000000e+00,1.824608794531462352e-01,0.000000000000000000e+00,1.000000000000000000e+00,0.000000000000000000e+00,-1.824608794531462352e-01,0.000000000000000000e+00,9.832131139631856698e-01,1.452552194957845155e-01,0.000000000000000000e+00,6.823154536962768857e-01,0.000000000000000000e+00
9.824796948945534458e-01,0.000000000000000000e+00,1.863696571867456131e-01,0.000000000000000000e+00,1.000000000000000000e+00,0.000000000000000000e+00,-1.863696571867456131e-01,0.000000000000000000e+00,9.824796948945534458e-01,1.484597531620781841e-01,0.000000000000000000e+00,6.827186914738230250e-01,0.000000000000000000e+00
9.817243273610567478e-01,0.000000000000000000e+00,1.903085522709913602e-01,0.000000000000000000e+00,1.000000000000000000e+00,0.000000000000000000e+00,-1.903085522709913602e-01,0.000000000000000000e+00,9.817243273610567478e-01,1.516930237761617839e-01,0.000000000000000000e+00,6.831124342332107746e-01,0.000000000000000000e+00
9.809466831755876415e-01,0.000000000000000000e+00,1.942771339268038744e-01,0.000000000000000000e+00,1.000000000000000000e+00,0.000000000000000000e+00,-1.942771339268038744e-01,0.000000000000000000e+00,9.809466831755876415e-01,1.549547797105615132e-01,0.000000000000000000e+00,6.834963212628522022e-01,0.000000000000000000e+00
9.801464364382447281e-01,0.000000000000000000e+00,1.982749685094158110e-01,0.000000000000000000e+00,1.000000000000000000e+00,0.000000000000000000e+00,-1.982749685094158110e-01,0.000000000000000000e+00,9.801464364382447281e-01,1.582447665541115434e-01,0.000000000000000000e+00,6.838699929083351670e-01,0.000000000000000000e+00
9.793232636580281314e-01,0.000000000000000000e+00,2.023016195144969609e-01,0.000000000000000000e+00,1.000000000000000000e+00,0.000000000000000000e+00,-2.023016195144969609e-01,0.000000000000000000e+00,9.793232636580281314e-01,1.615627270864793130e-01,0.000000000000000000e+00,6.842330906680441638e-01,0.000000000000000000e+00
9.784768438736872742e-01,0.000000000000000000e+00,2.063566475861340621e-01,0.000000000000000000e+00,1.000000000000000000e+00,0.000000000000000000e+00,-2.063566475861340621e-01,0.000000000000000000e+00,9.784768438736872742e-01,1.649084012543353406e-01,0.000000000000000000e+00,6.845852572885864351e-01,0.000000000000000000e+00
9.776068587737004600e-01,0.000000000000000000e+00,2.104396105266734540e-01,0.000000000000000000e+00,1.000000000000000000e+00,0.000000000000000000e+00,-2.104396105266734540e-01,0.000000000000000000e+00,9.776068587737004600e-01,1.682815261491791281e-01,0.000000000000000000e+00,6.849261368600105815e-01,0.000000000000000000e+00
9.767129928153642782e-01,0.000000000000000000e+00,2.145500633084366504e-01,0.000000000000000000e+00,1.000000000000000000e+00,0.000000000000000000e+00,-2.145500633084366504e-01,0.000000000000000000e+00,9.767129928153642782e-01,1.716818359868344801e-01,0.000000000000000000e+00,6.852553749107997971e-01,0.000000000000000000e+00
9.757949333429679628e-01,0.000000000000000000e+00,2.186875580873150759e-01,0.000000000000000000e+00,1.000000000000000000e+00,0.000000000000000000e+00,-2.186875580873150759e-01,0.000000000000000000e+00,9.757949333429679628e-01,1.751090620886246174e-01,0.000000000000000000e+00,6.855726185026259634e-01,0.000000000000000000e+00
9.748523707050327225e-01,0.000000000000000000e+00,2.228516442182500445e-01,0.000000000000000000e+00,1.000000000000000000e+00,0.000000000000000000e+00,-2.228516442182500445e-01,0.000000000000000000e+00,9.748523707050327225e-01,1.785629328642375224e-01,0.000000000000000000e+00,6.858775163248471696e-01,0.000000000000000000e+00
9.738849983705906155e-01,0.000000000000000000e+00,2.270418682726045301e-01,0.000000000000000000e+00,1.000000000000000000e+00,0.000000000000000000e+00,-2.270418682726045301e-01,0.000000000000000000e+00,9.738849983705906155e-01,1.820431737962923402e-01,0.000000000000000000e+00,6.861697187887332294e-01,0.000000000000000000e+00
9.728925130444796565e-01,0.000000000000000000e+00,2.312577740574291996e-01,0.000000000000000000e+00,1.000000000000000000e+00,0.000000000000000000e+00,-2.312577740574291996e-01,0.000000000000000000e+00,9.728925130444796565e-01,1.855495074266150790e-01,0.000000000000000000e+00,6.864488781214006519e-01,0.000000000000000000e+00
9.718746147816312853e-01,0.000000000000000000e+00,2.354989026366275939e-01,0.000000000000000000e+00,1.000000000000000000e+00,0.000000000000000000e+00,-2.354989026366275939e-01,0.000000000000000000e+00,9.718746147816312853e-01,1.890816533442323533e-01,0.000000000000000000e+00,6.867146484594391920e-01,0.000000000000000000e+00
9.708310071003259933e-01,0.000000000000000000e+00,2.397647923540207338e-01,0.000000000000000000e+00,1.000000000000000000e+00,0.000000000000000000e+00,-2.397647923540207338e-01,0.000000000000000000e+00,9.708310071003259933e-01,1.926393281750906628e-01,0.000000000000000000e+00,6.869666859422127736e-01,0.000000000000000000e+00
9.697613970943923523e-01,0.000000000000000000e+00,2.440549788583141477e-01,0.000000000000000000e+00,1.000000000000000000e+00,0.000000000000000000e+00,-2.440549788583141477e-01,0.000000000000000000e+00,9.697613970943923523e-01,1.962222455735085358e-01,0.000000000000000000e+00,6.872046488048153545e-01,0.000000000000000000e+00
9.686654955443241288e-01,0.000000000000000000e+00,2.483689951299657417e-01,0.000000000000000000e+00,1.000000000000000000e+00,0.000000000000000000e+00,-2.483689951299657417e-01,0.000000000000000000e+00,9.686654955443241288e-01,1.998301162153675870e-01,0.000000000000000000e+00,6.874281974706626386e-01,0.000000000000000000e+00
9.675430170272909525e-01,0.000000000000000000e+00,2.527063715099547303e-01,0.000000000000000000e+00,1.000000000000000000e+00,0.000000000000000000e+00,-2.527063715099547303e-01,0.000000000000000000e+00,9.675430170272909525e-01,2.034626477930475963e-01,0.000000000000000000e+00,6.876369946436989844e-01,0.000000000000000000e+00
9.663936800260175541e-01,0.000000000000000000e+00,2.570666357304487448e-01,0.000000000000000000e+00,1.000000000000000000e+00,0.000000000000000000e+00,-2.570666357304487448e-01,0.000000000000000000e+00,9.663936800260175541e-01,2.071195450121106618e-01,0.000000000000000000e+00,6.878307054002019694e-01,0.000000000000000000e+00
9.652172070365042655e-01,0.000000000000000000e+00,2.614493129473666744e-01,0.000000000000000000e+00,1.000000000000000000e+00,0.000000000000000000e+00,-2.614493129473666744e-01,0.000000000000000000e+00,9.652172070365042655e-01,2.108005095897391434e-01,0.000000000000000000e+00,6.880089972801607390e-01,0.000000000000000000e+00
9.640133246745657969e-01,0.000000000000000000e+00,2.658539257748327445e-01,0.000000000000000000e+00,1.000000000000000000e+00,0.000000000000000000e+00,-2.658539257748327445e-01,0.000000000000000000e+00,9.640133246745657969e-01,2.145052402549284809e-01,0.000000000000000000e+00,6.881715403782102669e-01,0.000000000000000000e+00
9.627817637811596496e-01,0.000000000000000000e+00,2.702799943215169476e-01,0.000000000000000000e+00,1.000000000000000000e+00,0.000000000000000000e+00,-2.702799943215169476e-01,0.000000000000000000e+00,9.627817637811596496e-01,2.182334327504401039e-01,0.000000000000000000e+00,6.883180074340983223e-01,0.000000000000000000e+00
9.615222595264807381e-01,0.000000000000000000e+00,2.747270362288558587e-01,0.000000000000000000e+00,1.000000000000000000e+00,0.000000000000000000e+00,-2.747270362288558587e-01,0.000000000000000000e+00,9.615222595264807381e-01,2.219847798365139624e-01,0.000000000000000000e+00,6.884480739226647161e-01,0.000000000000000000e+00
9.602345515127933551e-01,0.000000000000000000e+00,2.791945667111461193e-01,0.000000000000000000e+00,1.000000000000000000e+00,0.000000000000000000e+00,-2.791945667111461193e-01,0.000000000000000000e+00,9.602345515127933551e-01,2.257589712963428419e-01,0.000000000000000000e+00,6.885614181433095116e-01,0.000000000000000000e+00
9.589183838759773870e-01,0.000000000000000000e+00,2.836820985975036513e-01,0.000000000000000000e+00,1.000000000000000000e+00,0.000000000000000000e+00,-2.836820985975036513e-01,0.000000000000000000e+00,9.589183838759773870e-01,2.295556939433083254e-01,0.000000000000000000e+00,6.886577213089297711e-01,0.000000000000000000e+00
9.575735053857595824e-01,0.000000000000000000e+00,2.881891423756777759e-01,0.000000000000000000e+00,1.000000000000000000e+00,0.000000000000000000e+00,-2.881891423756777759e-01,0.000000000000000000e+00,9.575735053857595824e-01,2.333746316299780688e-01,0.000000000000000000e+00,6.887366676343006366e-01,0.000000000000000000e+00
9.561996695446062233e-01,0.000000000000000000e+00,2.927152062377114672e-01,0.000000000000000000e+00,1.000000000000000000e+00,0.000000000000000000e+00,-2.927152062377114672e-01,0.000000000000000000e+00,9.561996695446062233e-01,2.372154652588619461e-01,0.000000000000000000e+00,6.887979444238786497e-01,0.000000000000000000e+00
9.547966346852481134e-01,0.000000000000000000e+00,2.972597961274360823e-01,0.000000000000000000e+00,1.000000000000000000e+00,0.000000000000000000e+00,-2.972597961274360823e-01,0.000000000000000000e+00,9.547966346852481134e-01,2.410778727949271782e-01,0.000000000000000000e+00,6.888412421590041079e-01,0.000000000000000000e+00
9.533641640668147899e-01,0.000000000000000000e+00,3.018224157897878013e-01,0.000000000000000000e+00,1.000000000000000000e+00,0.000000000000000000e+00,-3.018224157897878013e-01,0.000000000000000000e+00,9.533641640668147899e-01,2.449615292798666688e-01,0.000000000000000000e+00,6.888662545844793650e-01,0.000000000000000000e+00
9.519020259695478714e-01,0.000000000000000000e+00,3.064025668219348408e-01,0.000000000000000000e+00,1.000000000000000000e+00,0.000000000000000000e+00,-3.064025668219348408e-01,0.000000000000000000e+00,9.519020259695478714e-01,2.488661068481209104e-01,0.000000000000000000e+00,6.888726787944982055e-01,0.000000000000000000e+00
9.504099937880714499e-01,0.000000000000000000e+00,3.109997487261976223e-01,0.000000000000000000e+00,1.000000000000000000e+00,0.000000000000000000e+00,-3.109997487261976223e-01,0.000000000000000000e+00,9.504099937880714499e-01,2.527912747446435793e-01,0.000000000000000000e+00,6.888602153179048670e-01,0.000000000000000000e+00
9.488878461231894379e-01,0.000000000000000000e+00,3.156134589647507926e-01,0.000000000000000000e+00,1.000000000000000000e+00,0.000000000000000000e+00,-3.156134589647507926e-01,0.000000000000000000e+00,9.488878461231894379e-01,2.567366993444117895e-01,0.000000000000000000e+00,6.888285682027556200e-01,0.000000000000000000e+00
9.473353668721865573e-01,0.000000000000000000e+00,3.202431930160883899e-01,0.000000000000000000e+00,1.000000000000000000e+00,0.000000000000000000e+00,-3.202431930160883899e-01,0.000000000000000000e+00,9.473353668721865573e-01,2.607020441736700445e-01,0.000000000000000000e+00,6.887774451001622555e-01,0.000000000000000000e+00
9.457523453176058803e-01,0.000000000000000000e+00,3.248884444332361676e-01,0.000000000000000000e+00,1.000000000000000000e+00,0.000000000000000000e+00,-3.248884444332361676e-01,0.000000000000000000e+00,9.457523453176058803e-01,2.646869699329042480e-01,0.000000000000000000e+00,6.887065573473896141e-01,0.000000000000000000e+00
9.441385762144766103e-01,0.000000000000000000e+00,3.295487049036922578e-01,0.000000000000000000e+00,1.000000000000000000e+00,0.000000000000000000e+00,-3.295487049036922578e-01,0.000000000000000000e+00,9.441385762144766103e-01,2.686911345215362568e-01,0.000000000000000000e+00,6.886156200501856173e-01,0.000000000000000000e+00
9.424938598759677877e-01,0.000000000000000000e+00,3.342234643110796877e-01,0.000000000000000000e+00,1.000000000000000000e+00,0.000000000000000000e+00,-3.342234643110796877e-01,0.000000000000000000e+00,9.424938598759677877e-01,2.727141930643334211e-01,0.000000000000000000e+00,6.885043521643176012e-01,0.000000000000000000e+00
9.408180022574408330e-01,0.000000000000000000e+00,3.389122107984869903e-01,0.000000000000000000e+00,1.000000000000000000e+00,0.000000000000000000e+00,-3.389122107984869903e-01,0.000000000000000000e+00,9.408180022574408330e-01,2.767557979395204315e-01,0.000000000000000000e+00,6.883724765762905262e-01,0.000000000000000000e+00
